4000.0 1091056.6632816659 0
4020.0 1090271.3793787854 0
4040.0 1049321.5514626512 0
4060.0 1086592.916861218 0
4080.0 987493.8577417029 0
4100.0 1063223.239506928 0
4120.0 1029767.8600521291 0
4140.0 998331.7980351842 0
4160.0 1110472.8251877069 0
4180.0 1117045.0180414633 0
4200.0 1076311.8149897098 0
4220.0 1122339.526406551 0
4240.0 1017960.9764892053 0
4260.0 1206284.0935796276 0
4280.0 1149412.2597866193 0
4300.0 1050051.0943870149 0
4320.0 1062657.9929580835 0
4340.0 1035422.5114676795 0
4360.0 1222436.4606786838 0
4380.0 1053248.531896964 0
4400.0 1096571.1674329953 0
4420.0 1065166.7102559283 0
4440.0 1066625.5822771257 0
4460.0 1077152.99010511 0
4480.0 1045216.4401472234 0
4500.0 1215546.55457082 0
4520.0 1101908.6045966463 0
4540.0 1145163.0477554607 0
4560.0 1065920.6663235836 0
4580.0 1150837.6570810177 0
4600.0 1058133.7898317766 0
4620.0 1163604.0915269237 0
4640.0 1173705.168162042 0
4660.0 1082029.413805687 0
4680.0 1117836.9812856603 0
4700.0 1020457.3229441848 0
4720.0 1158214.6356602793 0
4740.0 1116812.5958977551 0
4760.0 1215924.4274867857 0
4780.0 1141812.4946610373 0
4800.0 1042912.4948566912 0
4820.0 1112807.7976867424 0
4840.0 1129812.6716593576 0
4860.0 1171767.8787532882 0
4880.0 1142308.7028088572 0
4900.0 1184964.289255114 0
4920.0 1070524.3367370728 0
4940.0 1123704.873891234 0
4960.0 1087557.7405063282 0
4980.0 1202848.8015924145 0
5000.0 1050702.3239533016 0
5020.0 1156365.111607398 0
5040.0 1179105.2799520323 0
5060.0 1124137.5584754094 0
5080.0 1148125.7849484729 0
5100.0 1201637.8425861637 0
5120.0 1182002.2483036332 0
5140.0 1125987.7625513468 0
5160.0 1140681.4258988292 0
5180.0 1132840.1747075072 0
5200.0 1122106.050792698 0
5220.0 1078581.209261777 0
5240.0 1012289.8207212873 0
5260.0 1122477.6228844277 0
5280.0 1097631.4150583274 0
5300.0 1133768.3345920627 0
5320.0 1151868.354769708 0
5340.0 1145262.7380864962 0
5360.0 1164512.0224240103 0
5380.0 1079281.9670458199 0
5400.0 1195180.1675909886 0
5420.0 1072990.4272050846 0
5440.0 1156999.4085440391 0
5460.0 1115876.7686883884 0
5480.0 1155622.3801146252 0
5500.0 1220868.601988185 0
5520.0 1267560.3041922476 0
5540.0 1208088.1326619925 0
5560.0 1271485.0514835245 0
5580.0 1048525.9882930211 0
5600.0 1014821.5706956952 0
5620.0 1233121.1871377544 0
5640.0 1179660.8946844342 0
5660.0 992965.9326196811 0
5680.0 1218313.8196179823 0
5700.0 1176770.086104075 0
5720.0 1226271.7614637527 0
5740.0 1219455.6776050248 0
5760.0 1045628.3992392379 0
5780.0 1002044.9097903771 0
5800.0 1085234.0144648578 0
5820.0 1207013.1883248377 0
5840.0 1061022.3124192534 0
5860.0 1127997.250372962 0
5880.0 1125359.8085644792 0
5900.0 1262561.5405220727 0
5920.0 1188500.9554414514 0
5940.0 1296511.904354578 0
5960.0 1091890.5532174786 0
5980.0 1179988.9572175555 0
6000.0 1218529.934233413 0
6020.0 1116045.4828464587 0
6040.0 1186862.2436617336 0
6060.0 1199911.289198284 0
6080.0 1190315.2562548816 0
6100.0 1123941.8707007486 0
6120.0 1117335.9962427244 0
6140.0 1247679.3349827407 0
6160.0 1174986.476749797 0
6180.0 1253882.3409170073 0
6200.0 1305338.8801436985 0
6220.0 1206330.1113027385 0
6240.0 1264727.3359452654 0
6260.0 1188626.6980774952 0
6280.0 1032621.0566532637 0
6300.0 1251521.8871747854 0
6320.0 1091741.42963665 0
6340.0 1167086.9958211118 0
6360.0 1210616.8684004496 0
6380.0 1225267.2533655593 0
6400.0 1169879.239987853 0
6420.0 1178324.228859622 0
6440.0 1139373.3019950616 0
6460.0 1128767.2559909099 0
6480.0 1218623.9819193978 0
6500.0 1191828.1714298953 0
6520.0 1196939.9867094446 0
6540.0 1226838.5012328245 0
6560.0 1203562.4952039388 0
6580.0 1174207.972424374 0
6600.0 1281624.3183000518 0
6620.0 1221340.1266686327 0
6640.0 1248592.1995485877 0
6660.0 1143140.021699693 0
6680.0 1016308.1459504862 0
6700.0 1179493.7570216823 0
6720.0 1206306.36241175 0
6740.0 1120390.8625001484 0
6760.0 1159924.272558149 0
6780.0 1316137.0452641698 0
6800.0 1115840.7669997509 0
6820.0 1252905.4991358786 0
6840.0 1259194.1324038955 0
6860.0 1119095.543235206 0
6880.0 1150119.7323485815 0
6900.0 1156502.2563624792 0
6920.0 1134467.2296709833 0
6940.0 1273843.6157458602 0
6960.0 1277945.9948974352 0
6980.0 1310513.2020802207 0
7000.0 1133560.9848621069 0
7020.0 1274710.4711437575 0
7040.0 1193974.7252907497 0
7060.0 1293386.433971239 0
7080.0 1315521.0231369482 0
7100.0 1191083.5837248736 0
7120.0 1104507.4180792097 0
7140.0 1122587.0138629791 0
7160.0 1134446.627499868 0
7180.0 1133917.2651596507 0
7200.0 1257594.0117646172 0
7220.0 1235493.8729188195 0
7240.0 1142804.5323508303 0
7260.0 1222049.4967420963 0
7280.0 1181613.9480966472 0
7300.0 1269833.3527531032 0
7320.0 1200315.1453104843 0
7340.0 1170464.6484548294 0
7360.0 1134728.5673714797 0
7380.0 1196968.1532821492 0
7400.0 1207432.688454332 0
7420.0 1195872.4149145207 0
7440.0 1119601.5758505196 0
7460.0 1216798.5401510892 0
7480.0 1222741.5771628814 0
7500.0 1131151.1820037598 0
7520.0 1191632.0673510344 0
7540.0 1261607.179626427 0
7560.0 1338200.0702803656 0
7580.0 1256937.0556224003 0
7600.0 1348621.3937992288 0
7620.0 1298224.49569333 0
7640.0 1377779.983977594 0
7660.0 1060359.5504306506 0
7680.0 1056901.146579382 0
7700.0 1206665.0774128712 0
7720.0 1186973.9885028643 0
7740.0 1207138.5825363442 0
7760.0 1230142.5107984205 0
7780.0 1175667.893004539 0
7800.0 1167087.5340734639 0
7820.0 1199022.7715253348 0
7840.0 1297176.319233818 0
7860.0 1278033.5857357539 0
7880.0 1189980.1275116208 0
7900.0 1228358.5188098734 0
7920.0 1333645.665917096 0
7940.0 1339557.56470639 0
7960.0 1233708.4476653598 0
7980.0 1329263.245443876 0
8000.0 1268682.7608180204 0
8020.0 1324616.282890466 0
8040.0 1316109.2393740246 0
8060.0 1325143.0196904847 0
8080.0 1313989.178190437 0
8100.0 1230073.4419423654 0
8120.0 1129935.6174289954 0
8140.0 1340046.8916537447 0
8160.0 1288621.1422853093 0
8180.0 1234484.7797862326 0
8200.0 1290407.3798100792 0
8220.0 1222246.0640515797 0
8240.0 1349387.4955285813 0
8260.0 1340113.7128760228 0
8280.0 1329622.415152243 0
8300.0 1230487.183268912 0
8320.0 1361453.4435952422 0
8340.0 1215986.519161994 0
8360.0 1325317.6714679522 0
8380.0 1312069.720664652 0
8400.0 1223155.009784766 0
8420.0 1389598.9399634365 0
8440.0 1228878.7650156645 0
8460.0 1276891.3273551692 0
8480.0 1351213.6481432216 0
8500.0 1317087.5575881747 0
8520.0 1459812.8621150248 0
8540.0 1312044.6073008135 0
8560.0 1468064.6321607127 0
8580.0 1291885.7787874974 0
8600.0 1484365.8065032088 0
8620.0 1382208.0968344826 0
8640.0 1254591.1792695194 0
8660.0 1458842.777395661 0
8680.0 1455891.8112755008 0
8700.0 1476495.358637815 0
8720.0 1461661.4572397145 0
8740.0 992593.7572930403 0
8760.0 1076954.4059098654 0
8780.0 967648.4182735855 0
8800.0 1076971.5744037586 0
8820.0 1040588.9707187626 0
8840.0 1094298.1468882693 0
8860.0 1083566.0309568825 0
8880.0 1069882.2216066823 0
8900.0 1002705.076485594 0
8920.0 1086356.1608742347 0
8940.0 979163.1808917632 0
8960.0 1054344.6028533352 0
8980.0 1129996.2032443143 0
9000.0 1113683.9340528636 0
9020.0 1162868.3164118512 0
9040.0 1146746.8451295432 0
9060.0 1139924.3691474232 0
9080.0 1065654.8343270023 0
9100.0 1254001.9186255664 0
9120.0 1015576.1867843084 0
9140.0 1183029.3481480535 0
9160.0 1163230.8320286402 0
9180.0 1218744.356493157 0
9200.0 1145107.2539315803 0
9220.0 1115496.9843428642 0
9240.0 1090283.4442780868 0
9260.0 1119662.501167541 0
9280.0 1174965.2713776662 0
9300.0 1226370.7829196812 0
9320.0 1257921.874061749 0
9340.0 1318354.360728508 0
9360.0 1174193.1438156755 0
9380.0 1198089.587779467 0
9400.0 1252535.0709802888 0
9420.0 1310663.9690028129 0
9440.0 1290005.3996119592 0
9460.0 1220384.1674822343 0
9480.0 1288137.0512417092 0
9500.0 1253484.7102271372 0
9520.0 1217295.8901502932 0
9540.0 1326129.8927450895 0
9560.0 1205226.51241039 0
9580.0 1213348.9587667196 0
9600.0 1348475.1230380966 0
9620.0 1291620.5943577515 0
9640.0 1213387.73816651 0
9660.0 1163410.8092661912 0
9680.0 1218739.931569642 0
9700.0 1367177.556937323 0
9720.0 1236666.0768711953 0
9740.0 1310231.3436710185 0
9760.0 1258437.189795126 0
9780.0 1194018.6335856388 0
9800.0 1157566.8506479023 0
9820.0 1149565.766384615 0
9840.0 1235125.2664551563 0
9860.0 1118283.0098679839 0
9880.0 1045993.5759782324 0
9900.0 1173951.014691338 0
9920.0 1251009.0008355556 0
9940.0 1224255.246546251 0
9960.0 1209735.9479612252 0
9980.0 1174828.8547847131 0
10000.0 1228384.2945838675 0
10020.0 1111787.428795593 0
10040.0 1143430.6571421677 0
10060.0 1148241.8679603962 0
10080.0 1214694.3354754983 0
10100.0 1217956.7315554684 0
10120.0 1380544.8621293688 0
10140.0 1200908.6962984265 0
10160.0 1239993.3278527432 0
10180.0 1284048.2121086332 0
10200.0 1260028.375037747 0
10220.0 1206424.2792218016 0
10240.0 1300018.4961202 0
10260.0 1261907.4604318836 0
10280.0 1343722.7968232762 0
10300.0 1232409.41529834 0
10320.0 1319222.353490897 0
10340.0 1197415.6691475313 0
10360.0 1279431.324831729 0
10380.0 1237951.828871536 0
10400.0 1361877.3968223694 0
10420.0 1356182.3364758769 0
10440.0 1336068.6277272138 0
10460.0 1337047.9481863207 0
10480.0 1316050.1510826154 0
10500.0 1428638.2001847867 0
10520.0 1406795.893771733 0
10540.0 1260169.6690908326 0
10560.0 1408013.5613423544 0
10580.0 1252426.335913961 0
10600.0 1283287.4487942115 0
10620.0 1214932.9120383381 0
10640.0 1266492.3094271591 0
10660.0 1270476.0735164073 0
10680.0 1475719.034068059 0
10700.0 1261584.2751084485 0
10720.0 1368893.665202577 0
10740.0 1366906.081930759 0
10760.0 1419674.4554165269 0
10780.0 1471737.722763568 0
10800.0 1380482.9093514895 0
10820.0 1542724.8568407844 0
10840.0 1411550.5912155772 0
10860.0 1484181.4218812264 0
10880.0 1520106.202287842 0
10900.0 1603718.2037662975 0
10920.0 1545171.9837162304 0
10940.0 1607074.5228955296 0
10960.0 1558361.034798057 0
10980.0 1460338.9527727775 0
11000.0 1341745.957704101 0
11020.0 1357051.1604529195 0
11040.0 1381990.225114858 0
11060.0 1407165.8228325741 0
11080.0 1479959.4675678003 0
11100.0 1351735.2977902065 0
11120.0 1581735.6339060657 0
11140.0 1563282.0585752518 0
11160.0 1581693.499581159 0
11180.0 1526667.7947305662 0
11200.0 1627571.6399824724 0
11220.0 1530459.32382948 0
11240.0 1440479.3155184505 0
11260.0 1521578.1363980242 0
11280.0 1575179.2541239336 0
11300.0 1571888.7538126286 0
11320.0 1509990.1695497732 0
11340.0 1331219.4141506436 0
11360.0 1516643.3514590738 0
11380.0 1555917.3125334624 0
11400.0 1574364.8696634476 0
11420.0 1701130.3460640705 0
11440.0 1684125.5756725897 0
11460.0 1561754.5025493081 0
11480.0 1511373.4971802738 0
11500.0 1546210.846733862 0
11520.0 1720582.322721882 0
11540.0 1601820.8560239535 0
11560.0 1605037.2462571505 0
11580.0 1518895.5980846656 0
11600.0 1802535.1762440873 0
11620.0 1702623.857846913 0
11640.0 1834474.774217354 0
11660.0 1759055.2562034698 0
11680.0 1630989.5781820712 0
11700.0 1594279.8414865083 0
11720.0 1838422.737792797 0
11740.0 1697881.2950506832 0
11760.0 1716183.0181827275 0
11780.0 1722714.2691097984 0
11800.0 1750481.437904925 0
11820.0 1647117.8979316978 0
11840.0 1717654.450985031 0
11860.0 1703157.1649558328 0
11880.0 1719010.8056877318 0
11900.0 1615700.0212767287 0
11920.0 1747890.6937686126 0
11940.0 1774356.728799373 0
11960.0 1735154.6337669417 0
11980.0 1771829.871883788 0
12000.0 1815086.666857263 0
12020.0 1781047.7197098623 0
12040.0 1827604.3972005583 0
12060.0 1761397.7280014993 0
12080.0 1835042.9361860992 0
12100.0 1819176.0919353208 0
12120.0 1879731.41628626 0
12140.0 1692198.1223855796 0
12160.0 1707079.9633328454 0
12180.0 1833643.4366790229 0
12200.0 624205.6205519872 0
12220.0 548420.5051176818 0
12240.0 599997.5546961064 0
12260.0 590179.1535145006 0
12280.0 617690.1344891471 0
12300.0 638166.3385874177 0
12320.0 627960.0261887254 0
12340.0 589170.1490307838 0
12360.0 648533.5142814246 0
12380.0 596874.1477692437 0
12400.0 662311.1100066132 0
12420.0 584203.3920920655 0
12440.0 693199.245039896 0
12460.0 661994.9917469696 0
12480.0 633337.8842985383 0
12500.0 683504.1477848061 0
12520.0 636419.2909350563 0
12540.0 662136.1344666735 0
12560.0 659053.3086517683 0
12580.0 651419.3931482236 0
12600.0 659751.6139899866 0
12620.0 596623.9021964764 0
12640.0 638290.2282619636 0
12660.0 613944.2795537168 0
12680.0 601705.0336944257 0
12700.0 659171.1801090318 0
12720.0 617213.2855745333 0
12740.0 678159.2927682573 0
12760.0 591435.0410772642 0
12780.0 682371.7029934513 0
12800.0 692870.2538503716 0
12820.0 730036.6089342019 0
12840.0 678898.3126540309 0
12860.0 658632.271073655 0
12880.0 679595.5728478878 0
12900.0 609661.1496652281 0
12920.0 635569.0528691522 0
12940.0 655524.0676667189 0
12960.0 702396.3389942026 0
12980.0 754853.1963869248 0
13000.0 609492.1388097449 0
