5.000000e-03	1.435407e-04	5.331926e-06	1.082526e+01	3.859274e-01	7.119021e-03	1.121846e+01
1.500000e-02	1.291858e-03	4.798733e-05	1.082407e+01	3.858848e-01	2.135706e-02	1.123265e+01
2.500000e-02	3.588529e-03	1.332981e-04	1.082168e+01	3.857996e-01	3.559510e-02	1.124680e+01
3.500000e-02	7.033501e-03	2.612644e-04	1.081809e+01	3.856718e-01	4.983314e-02	1.126089e+01
4.500000e-02	1.162682e-02	4.318861e-04	1.081331e+01	3.855014e-01	6.407120e-02	1.127494e+01
5.500000e-02	1.736827e-02	6.451631e-04	1.080734e+01	3.852884e-01	7.830923e-02	1.128895e+01
6.500001e-02	2.425844e-02	9.010957e-04	1.080017e+01	3.850327e-01	9.254728e-02	1.130291e+01
7.500000e-02	3.229623e-02	1.199684e-03	1.079180e+01	3.847345e-01	1.067853e-01	1.131682e+01
8.500000e-02	4.148321e-02	1.540927e-03	1.078224e+01	3.843937e-01	1.210234e-01	1.133068e+01
9.500000e-02	5.181800e-02	1.924825e-03	1.077149e+01	3.840102e-01	1.352614e-01	1.134450e+01
1.050000e-01	6.330059e-02	2.351379e-03	1.075954e+01	3.835841e-01	1.494994e-01	1.135827e+01
1.150000e-01	7.593162e-02	2.820589e-03	1.074639e+01	3.831155e-01	1.637375e-01	1.137200e+01
1.250000e-01	8.971262e-02	3.332454e-03	1.073205e+01	3.826042e-01	1.779755e-01	1.138567e+01
1.350000e-01	1.046391e-01	3.886974e-03	1.071651e+01	3.820504e-01	1.922136e-01	1.139930e+01
1.450000e-01	1.207153e-01	4.484150e-03	1.069978e+01	3.814539e-01	2.064516e-01	1.141289e+01
1.550000e-01	1.379377e-01	5.123981e-03	1.068186e+01	3.808149e-01	2.206896e-01	1.142642e+01
1.650000e-01	1.563098e-01	5.806468e-03	1.066273e+01	3.801332e-01	2.349277e-01	1.143991e+01
1.750000e-01	1.758308e-01	6.531611e-03	1.064242e+01	3.794089e-01	2.491657e-01	1.145336e+01
1.850000e-01	1.964982e-01	7.299408e-03	1.062091e+01	3.786420e-01	2.634038e-01	1.146675e+01
1.950000e-01	2.183158e-01	8.109863e-03	1.059820e+01	3.778325e-01	2.776419e-01	1.148010e+01
2.050000e-01	2.412798e-01	8.962970e-03	1.057430e+01	3.769804e-01	2.918799e-01	1.149340e+01
2.150000e-01	2.653893e-01	9.858735e-03	1.054920e+01	3.760857e-01	3.061180e-01	1.150665e+01
2.250000e-01	2.906494e-01	1.079715e-02	1.052291e+01	3.751484e-01	3.203560e-01	1.151986e+01
2.350000e-01	3.170616e-01	1.177823e-02	1.049543e+01	3.741685e-01	3.345940e-01	1.153303e+01
2.450000e-01	3.446141e-01	1.280196e-02	1.046674e+01	3.731459e-01	3.488321e-01	1.154614e+01
2.550001e-01	3.733182e-01	1.386835e-02	1.043687e+01	3.720808e-01	3.630702e-01	1.155920e+01
2.650000e-01	4.031672e-01	1.497739e-02	1.040580e+01	3.709731e-01	3.773082e-01	1.157222e+01
2.750000e-01	4.341682e-01	1.612908e-02	1.037353e+01	3.698228e-01	3.915462e-01	1.158519e+01
2.850000e-01	4.663139e-01	1.732343e-02	1.034007e+01	3.686298e-01	4.057842e-01	1.159812e+01
2.950000e-01	4.996027e-01	1.856044e-02	1.030541e+01	3.673943e-01	4.200222e-01	1.161099e+01
3.050000e-01	5.340459e-01	1.984010e-02	1.026956e+01	3.661161e-01	4.342603e-01	1.162382e+01
3.150000e-01	5.696400e-01	2.116241e-02	1.023251e+01	3.647954e-01	4.484983e-01	1.163661e+01
3.250000e-01	6.063694e-01	2.252739e-02	1.019427e+01	3.634320e-01	4.627363e-01	1.164933e+01
3.350000e-01	6.442602e-01	2.393501e-02	1.015483e+01	3.620261e-01	4.769744e-01	1.166203e+01
3.450000e-01	6.832811e-01	2.538529e-02	1.011420e+01	3.605775e-01	4.912124e-01	1.167466e+01
3.550000e-01	7.234669e-01	2.687822e-02	1.007237e+01	3.590863e-01	5.054504e-01	1.168725e+01
3.649999e-01	7.647954e-01	2.841380e-02	1.002935e+01	3.575526e-01	5.196884e-01	1.169980e+01
3.749999e-01	8.072610e-01	2.999203e-02	9.985133e+00	3.559762e-01	5.339265e-01	1.171229e+01
3.849999e-01	8.508719e-01	3.161288e-02	9.939722e+00	3.543573e-01	5.481645e-01	1.172473e+01
3.949999e-01	8.956472e-01	3.327633e-02	9.893117e+00	3.526958e-01	5.624025e-01	1.173714e+01
4.049999e-01	9.415424e-01	3.498237e-02	9.845320e+00	3.509918e-01	5.766406e-01	1.174948e+01
4.149999e-01	9.886150e-01	3.673094e-02	9.796330e+00	3.492453e-01	5.908786e-01	1.176180e+01
4.249999e-01	1.036801e+00	3.852196e-02	9.746152e+00	3.474564e-01	6.051166e-01	1.177405e+01
4.349999e-01	1.086132e+00	4.035532e-02	9.694787e+00	3.456252e-01	6.193547e-01	1.178625e+01
4.449999e-01	1.136585e+00	4.223091e-02	9.642239e+00	3.437518e-01	6.335927e-01	1.179840e+01
4.549999e-01	1.188183e+00	4.414852e-02	9.588513e+00	3.418365e-01	6.478307e-01	1.181051e+01
4.649999e-01	1.240926e+00	4.610791e-02	9.533618e+00	3.398794e-01	6.620688e-01	1.182260e+01
4.749998e-01	1.294738e+00	4.810879e-02	9.477560e+00	3.378809e-01	6.763067e-01	1.183459e+01
4.849998e-01	1.349652e+00	5.015077e-02	9.420350e+00	3.358414e-01	6.905448e-01	1.184654e+01
4.949998e-01	1.405685e+00	5.223340e-02	9.362001e+00	3.337612e-01	7.047828e-01	1.185846e+01
5.049998e-01	1.462701e+00	5.435613e-02	9.302530e+00	3.316410e-01	7.190208e-01	1.187025e+01
5.149998e-01	1.521073e+00	5.651833e-02	9.241953e+00	3.294814e-01	7.332588e-01	1.188228e+01
5.249998e-01	1.579994e+00	5.871926e-02	9.180290e+00	3.272831e-01	7.474970e-01	1.189378e+01
5.349998e-01	1.640291e+00	6.095809e-02	9.117566e+00	3.250469e-01	7.617350e-01	1.190560e+01
5.449998e-01	1.701350e+00	6.323388e-02	9.053806e+00	3.227738e-01	7.759730e-01	1.191714e+01
5.549998e-01	1.763359e+00	6.554560e-02	8.989040e+00	3.204649e-01	7.902110e-01	1.192862e+01
5.649998e-01	1.826548e+00	6.789210e-02	8.923301e+00	3.181212e-01	8.044490e-01	1.194031e+01
5.749997e-01	1.890444e+00	7.027216e-02	8.856621e+00	3.157440e-01	8.186870e-01	1.195177e+01
5.849997e-01	1.956341e+00	7.268445e-02	8.789038e+00	3.133347e-01	8.329251e-01	1.196432e+01
5.949997e-01	2.021591e+00	7.512756e-02	8.720592e+00	3.108945e-01	8.471631e-01	1.197537e+01
6.049997e-01	2.088053e+00	7.759999e-02	8.651326e+00	3.084252e-01	8.614011e-01	1.198681e+01
6.149997e-01	2.154260e+00	8.010019e-02	8.581282e+00	3.059280e-01	8.756393e-01	1.199721e+01
6.249997e-01	2.224055e+00	8.262651e-02	8.510506e+00	3.034048e-01	8.898772e-01	1.201047e+01
6.349997e-01	2.289158e+00	8.517729e-02	8.439046e+00	3.008572e-01	9.041152e-01	1.201835e+01
6.449997e-01	2.359359e+00	8.775080e-02	8.366950e+00	2.982870e-01	9.183532e-01	1.203070e+01
6.549997e-01	2.431629e+00	9.034526e-02	8.294267e+00	2.956958e-01	9.325913e-01	1.204453e+01
6.649997e-01	2.501258e+00	9.295890e-02	8.221048e+00	2.930855e-01	9.468293e-01	1.205518e+01
6.749997e-01	2.566150e+00	9.558988e-02	8.147344e+00	2.904579e-01	9.610673e-01	1.206061e+01
6.849996e-01	2.638888e+00	9.823640e-02	8.073205e+00	2.878148e-01	9.753054e-01	1.207345e+01
6.949996e-01	2.710548e+00	1.008966e-01	7.998683e+00	2.851581e-01	9.895434e-01	1.208483e+01
7.049996e-01	2.782132e+00	1.035687e-01	7.923831e+00	2.824895e-01	1.003781e+00	1.209580e+01
7.149996e-01	2.845433e+00	1.062509e-01	7.848696e+00	2.798109e-01	1.018019e+00	1.209821e+01
7.249996e-01	2.924344e+00	1.089413e-01	7.773331e+00	2.771241e-01	1.032258e+00	1.211600e+01
7.349996e-01	3.005514e+00	1.116383e-01	7.697784e+00	2.744308e-01	1.046496e+00	1.213586e+01
7.449996e-01	3.065193e+00	1.143401e-01	7.622104e+00	2.717328e-01	1.060734e+00	1.213410e+01
7.549996e-01	3.147964e+00	1.170450e-01	7.546339e+00	2.690317e-01	1.074972e+00	1.215535e+01
7.649996e-01	3.224148e+00	1.197513e-01	7.470534e+00	2.663292e-01	1.089210e+00	1.216997e+01
7.749996e-01	3.290936e+00	1.224574e-01	7.394735e+00	2.636269e-01	1.103448e+00	1.217520e+01
7.849995e-01	3.376338e+00	1.251619e-01	7.318987e+00	2.609265e-01	1.117686e+00	1.219910e+01
7.949995e-01	3.419756e+00	1.278630e-01	7.243330e+00	2.582292e-01	1.131924e+00	1.218110e+01
8.049995e-01	3.493647e+00	1.305596e-01	7.167806e+00	2.555368e-01	1.146162e+00	1.219371e+01
8.149995e-01	3.580913e+00	1.332500e-01	7.092454e+00	2.528504e-01	1.160400e+00	1.221987e+01
8.249995e-01	3.616495e+00	1.359330e-01	7.017312e+00	2.501715e-01	1.174638e+00	1.219455e+01
8.349995e-01	3.704605e+00	1.386073e-01	6.942415e+00	2.475014e-01	1.188876e+00	1.222200e+01
8.449995e-01	3.787765e+00	1.412717e-01	6.867798e+00	2.448413e-01	1.203114e+00	1.224479e+01
8.549995e-01	3.835663e+00	1.439250e-01	6.793493e+00	2.421923e-01	1.217352e+00	1.223263e+01
8.649995e-01	3.925804e+00	1.465661e-01	6.719533e+00	2.395555e-01	1.231590e+00	1.226305e+01
8.749995e-01	3.991739e+00	1.491939e-01	6.645945e+00	2.369321e-01	1.245828e+00	1.226964e+01
8.849995e-01	4.083394e+00	1.518075e-01	6.572758e+00	2.343229e-01	1.260066e+00	1.230235e+01
8.949994e-01	4.115593e+00	1.544060e-01	6.499998e+00	2.317290e-01	1.274304e+00	1.227603e+01
9.049994e-01	4.207959e+00	1.569884e-01	6.427689e+00	2.291511e-01	1.288542e+00	1.231033e+01
9.149994e-01	4.301346e+00	1.595539e-01	6.355855e+00	2.265902e-01	1.302780e+00	1.234613e+01
9.249994e-01	4.358748e+00	1.621018e-01	6.284515e+00	2.240469e-01	1.317018e+00	1.234643e+01
9.349994e-01	4.453372e+00	1.646315e-01	6.213692e+00	2.215220e-01	1.331256e+00	1.238447e+01
9.449994e-01	4.416069e+00	1.671420e-01	6.143403e+00	2.190161e-01	1.345494e+00	1.229112e+01
9.549994e-01	4.509888e+00	1.696330e-01	6.073665e+00	2.165299e-01	1.359732e+00	1.232945e+01
9.649994e-01	4.604677e+00	1.721039e-01	6.004494e+00	2.140639e-01	1.373970e+00	1.236931e+01
9.749994e-01	4.632733e+00	1.745540e-01	5.935904e+00	2.116187e-01	1.388208e+00	1.234302e+01
9.849994e-01	4.728099e+00	1.769830e-01	5.867909e+00	2.091946e-01	1.402446e+00	1.238463e+01
9.949993e-01	4.694568e+00	1.793905e-01	5.800521e+00	2.067922e-01	1.416684e+00	1.229796e+01
1.004999e+00	4.789243e+00	1.817760e-01	5.733749e+00	2.044117e-01	1.430922e+00	1.234010e+01
1.014999e+00	4.884872e+00	1.841391e-01	5.667606e+00	2.020537e-01	1.445160e+00	1.238383e+01
1.024999e+00	4.941732e+00	1.864797e-01	5.602098e+00	1.997183e-01	1.459398e+00	1.238943e+01
1.034999e+00	5.038455e+00	1.887974e-01	5.537233e+00	1.974058e-01	1.473637e+00	1.243553e+01
1.044999e+00	5.136104e+00	1.910919e-01	5.473018e+00	1.951165e-01	1.487875e+00	1.248320e+01
1.054999e+00	5.234681e+00	1.933631e-01	5.409459e+00	1.928506e-01	1.502113e+00	1.253246e+01
1.064999e+00	5.136322e+00	1.956109e-01	5.346560e+00	1.906082e-01	1.516351e+00	1.238545e+01
1.074999e+00	5.233039e+00	1.978349e-01	5.284326e+00	1.883895e-01	1.530589e+00	1.243418e+01
1.084999e+00	5.330648e+00	2.000353e-01	5.222760e+00	1.861947e-01	1.544827e+00	1.248446e+01
1.094999e+00	5.429160e+00	2.022118e-01	5.161864e+00	1.840237e-01	1.559065e+00	1.253632e+01
1.104999e+00	5.528565e+00	2.043643e-01	5.101640e+00	1.818767e-01	1.573303e+00	1.258975e+01
1.114999e+00	5.628859e+00	2.064929e-01	5.042089e+00	1.797536e-01	1.587541e+00	1.264474e+01
1.124999e+00	5.730060e+00	2.085976e-01	4.983212e+00	1.776546e-01	1.601779e+00	1.270130e+01
1.134999e+00	5.832149e+00	2.106783e-01	4.925009e+00	1.755796e-01	1.616017e+00	1.275943e+01
1.144999e+00	5.474530e+00	2.127351e-01	4.867478e+00	1.735286e-01	1.630255e+00	1.235853e+01
1.154999e+00	5.570335e+00	2.147679e-01	4.810619e+00	1.715016e-01	1.644493e+00	1.241172e+01
1.164999e+00	5.666971e+00	2.167770e-01	4.754430e+00	1.694984e-01	1.658731e+00	1.246641e+01
1.174999e+00	5.764433e+00	2.187622e-01	4.698910e+00	1.675191e-01	1.672969e+00	1.252259e+01
1.184999e+00	5.671369e+00	2.207238e-01	4.644054e+00	1.655634e-01	1.687207e+00	1.238892e+01
1.194999e+00	5.767228e+00	2.226618e-01	4.589861e+00	1.636314e-01	1.701445e+00	1.244483e+01
1.204999e+00	5.863894e+00	2.245764e-01	4.536328e+00	1.617229e-01	1.715683e+00	1.250220e+01
1.214999e+00	5.961358e+00	2.264676e-01	4.483450e+00	1.598378e-01	1.729921e+00	1.256103e+01
1.224999e+00	6.059619e+00	2.283357e-01	4.431223e+00	1.579759e-01	1.744159e+00	1.262131e+01
1.234999e+00	6.158670e+00	2.301807e-01	4.379644e+00	1.561370e-01	1.758397e+00	1.268303e+01
1.244999e+00	6.011919e+00	2.320029e-01	4.328708e+00	1.543211e-01	1.772635e+00	1.249959e+01
1.254999e+00	6.108596e+00	2.338023e-01	4.278410e+00	1.525280e-01	1.786873e+00	1.256021e+01
1.264999e+00	6.206032e+00	2.355793e-01	4.228745e+00	1.507574e-01	1.801111e+00	1.262223e+01
1.274999e+00	6.304234e+00	2.373339e-01	4.179708e+00	1.490092e-01	1.815349e+00	1.268563e+01
1.284999e+00	6.403193e+00	2.390663e-01	4.131294e+00	1.472832e-01	1.829587e+00	1.275042e+01
1.294999e+00	6.502924e+00	2.407769e-01	4.083498e+00	1.455792e-01	1.843825e+00	1.281660e+01
1.304999e+00	6.285779e+00	2.424656e-01	4.036312e+00	1.438970e-01	1.858063e+00	1.256652e+01
1.314999e+00	6.382154e+00	2.441328e-01	3.989732e+00	1.422364e-01	1.872301e+00	1.263056e+01
1.324999e+00	6.479262e+00	2.457788e-01	3.943751e+00	1.405972e-01	1.886539e+00	1.269593e+01
1.334999e+00	6.577094e+00	2.474035e-01	3.898364e+00	1.389791e-01	1.900777e+00	1.276262e+01
1.344999e+00	6.675643e+00	2.490074e-01	3.853565e+00	1.373820e-01	1.915015e+00	1.283061e+01
1.354999e+00	6.774918e+00	2.505907e-01	3.809346e+00	1.358056e-01	1.929253e+00	1.289991e+01
1.364999e+00	6.874927e+00	2.521534e-01	3.765703e+00	1.342497e-01	1.943491e+00	1.297052e+01
1.374999e+00	6.352493e+00	2.536960e-01	3.722628e+00	1.327140e-01	1.957729e+00	1.241926e+01
1.384999e+00	6.444865e+00	2.552186e-01	3.680115e+00	1.311984e-01	1.971967e+00	1.248336e+01
1.394999e+00	6.537901e+00	2.567214e-01	3.638157e+00	1.297026e-01	1.986205e+00	1.254869e+01
1.404999e+00	6.631597e+00	2.582047e-01	3.596749e+00	1.282263e-01	2.000443e+00	1.261522e+01
1.414999e+00	6.725949e+00	2.596687e-01	3.555883e+00	1.267694e-01	2.014682e+00	1.268295e+01
1.424999e+00	6.820952e+00	2.611137e-01	3.515553e+00	1.253316e-01	2.028919e+00	1.275187e+01
1.434999e+00	6.916627e+00	2.625398e-01	3.475752e+00	1.239127e-01	2.043158e+00	1.282199e+01
1.444999e+00	7.012946e+00	2.639474e-01	3.436475e+00	1.225125e-01	2.057396e+00	1.289328e+01
1.454999e+00	6.972074e+00	2.653365e-01	3.397713e+00	1.211306e-01	2.071634e+00	1.282789e+01
1.464999e+00	7.067817e+00	2.667076e-01	3.359462e+00	1.197669e-01	2.085872e+00	1.289962e+01
1.474999e+00	7.164202e+00	2.680608e-01	3.321713e+00	1.184211e-01	2.100110e+00	1.297251e+01
1.484999e+00	7.261248e+00	2.693963e-01	3.284461e+00	1.170931e-01	2.114348e+00	1.304655e+01
1.494999e+00	7.358920e+00	2.707144e-01	3.247700e+00	1.157825e-01	2.128586e+00	1.312170e+01
1.504999e+00	7.457236e+00	2.720153e-01	3.211423e+00	1.144892e-01	2.142824e+00	1.319799e+01
1.514999e+00	7.556202e+00	2.732992e-01	3.175622e+00	1.132129e-01	2.157062e+00	1.327540e+01
1.524999e+00	7.655805e+00	2.745664e-01	3.140293e+00	1.119534e-01	2.171300e+00	1.335392e+01
1.534999e+00	7.756059e+00	2.758170e-01	3.105429e+00	1.107105e-01	2.185538e+00	1.343355e+01
1.544999e+00	7.856939e+00	2.770514e-01	3.071023e+00	1.094839e-01	2.199776e+00	1.351427e+01
1.554999e+00	6.453912e+00	2.782697e-01	3.037068e+00	1.082734e-01	2.214014e+00	1.209154e+01
1.564999e+00	6.536739e+00	2.794722e-01	3.003560e+00	1.070788e-01	2.228252e+00	1.215510e+01
1.574999e+00	6.620088e+00	2.806590e-01	2.970492e+00	1.058999e-01	2.242490e+00	1.221963e+01
1.584999e+00	6.703955e+00	2.818305e-01	2.937857e+00	1.047364e-01	2.256728e+00	1.228511e+01
1.594999e+00	6.788342e+00	2.829867e-01	2.905650e+00	1.035882e-01	2.270966e+00	1.235153e+01
1.604999e+00	6.873246e+00	2.841280e-01	2.873865e+00	1.024551e-01	2.285204e+00	1.241890e+01
1.614999e+00	6.958668e+00	2.852544e-01	2.842495e+00	1.013367e-01	2.299442e+00	1.248720e+01
1.624999e+00	7.044608e+00	2.863663e-01	2.811535e+00	1.002330e-01	2.313680e+00	1.255642e+01
1.634999e+00	7.131066e+00	2.874639e-01	2.780979e+00	9.914364e-02	2.327918e+00	1.262657e+01
1.644999e+00	7.218046e+00	2.885473e-01	2.750822e+00	9.806851e-02	2.342156e+00	1.269764e+01
1.654999e+00	7.305543e+00	2.896168e-01	2.721057e+00	9.700737e-02	2.356394e+00	1.276962e+01
1.664999e+00	7.393554e+00	2.906725e-01	2.691679e+00	9.596004e-02	2.370632e+00	1.284250e+01
1.674999e+00	7.131042e+00	2.917147e-01	2.662683e+00	9.492631e-02	2.384870e+00	1.256524e+01
1.684999e+00	7.215895e+00	2.927435e-01	2.634063e+00	9.390598e-02	2.399108e+00	1.263572e+01
1.694999e+00	7.301258e+00	2.937591e-01	2.605813e+00	9.289885e-02	2.413347e+00	1.270708e+01
1.704999e+00	7.387101e+00	2.947618e-01	2.577929e+00	9.190477e-02	2.427584e+00	1.277928e+01
1.714999e+00	7.473434e+00	2.957517e-01	2.550405e+00	9.092351e-02	2.441822e+00	1.285234e+01
1.724999e+00	7.560261e+00	2.967290e-01	2.523235e+00	8.995491e-02	2.456060e+00	1.292624e+01
1.734999e+00	7.647589e+00	2.976938e-01	2.496415e+00	8.899876e-02	2.470298e+00	1.300100e+01
1.744999e+00	7.735401e+00	2.986465e-01	2.469940e+00	8.805492e-02	2.484536e+00	1.307658e+01
1.754999e+00	7.823696e+00	2.995871e-01	2.443805e+00	8.712316e-02	2.498775e+00	1.315299e+01
1.764999e+00	7.912493e+00	3.005158e-01	2.418004e+00	8.620334e-02	2.513012e+00	1.323023e+01
1.774999e+00	8.001780e+00	3.014328e-01	2.392533e+00	8.529527e-02	2.527251e+00	1.330829e+01
1.784999e+00	8.091550e+00	3.023382e-01	2.367386e+00	8.439880e-02	2.541488e+00	1.338716e+01
1.794999e+00	8.181821e+00	3.032323e-01	2.342561e+00	8.351374e-02	2.555727e+00	1.346685e+01
1.804999e+00	8.272575e+00	3.041152e-01	2.318050e+00	8.263994e-02	2.569964e+00	1.354735e+01
1.814999e+00	8.363824e+00	3.049871e-01	2.293851e+00	8.177722e-02	2.584203e+00	1.362864e+01
1.824999e+00	8.455552e+00	3.058481e-01	2.269958e+00	8.092543e-02	2.598441e+00	1.371072e+01
1.834999e+00	7.001906e+00	3.066983e-01	2.246367e+00	8.008440e-02	2.612679e+00	1.224774e+01
1.844999e+00	7.077820e+00	3.075380e-01	2.223074e+00	7.925399e-02	2.626917e+00	1.231460e+01
1.854999e+00	7.154138e+00	3.083673e-01	2.200074e+00	7.843401e-02	2.641155e+00	1.238217e+01
1.864999e+00	7.230852e+00	3.091864e-01	2.177363e+00	7.762437e-02	2.655393e+00	1.245042e+01
1.874999e+00	7.307962e+00	3.099953e-01	2.154937e+00	7.682486e-02	2.669631e+00	1.251935e+01
1.884999e+00	7.385476e+00	3.107943e-01	2.132792e+00	7.603535e-02	2.683869e+00	1.258897e+01
1.894999e+00	7.463388e+00	3.115835e-01	2.110923e+00	7.525571e-02	2.698107e+00	1.265926e+01
1.904999e+00	7.541694e+00	3.123630e-01	2.089326e+00	7.448579e-02	2.712345e+00	1.273022e+01
1.914999e+00	7.620405e+00	3.131330e-01	2.067998e+00	7.372542e-02	2.726583e+00	1.280184e+01
1.924999e+00	7.699508e+00	3.138936e-01	2.046935e+00	7.297450e-02	2.740821e+00	1.287413e+01
1.934999e+00	7.779010e+00	3.146450e-01	2.026132e+00	7.223287e-02	2.755059e+00	1.294708e+01
1.944999e+00	7.858912e+00	3.153873e-01	2.005587e+00	7.150041e-02	2.769297e+00	1.302069e+01
1.954998e+00	7.939212e+00	3.161206e-01	1.985294e+00	7.077698e-02	2.783535e+00	1.309494e+01
1.964998e+00	8.019910e+00	3.168450e-01	1.965251e+00	7.006244e-02	2.797773e+00	1.316984e+01
1.974998e+00	8.101001e+00	3.175607e-01	1.945455e+00	6.935667e-02	2.812011e+00	1.324538e+01
1.984998e+00	8.182489e+00	3.182678e-01	1.925900e+00	6.865955e-02	2.826249e+00	1.332157e+01
1.994998e+00	8.264375e+00	3.189665e-01	1.906585e+00	6.797095e-02	2.840487e+00	1.339839e+01
2.004998e+00	8.346655e+00	3.196568e-01	1.887505e+00	6.729074e-02	2.854725e+00	1.347583e+01
2.014998e+00	8.429335e+00	3.203389e-01	1.868657e+00	6.661880e-02	2.868963e+00	1.355391e+01
2.024998e+00	8.512411e+00	3.210129e-01	1.850038e+00	6.595502e-02	2.883201e+00	1.363262e+01
2.034998e+00	8.595879e+00	3.216788e-01	1.831645e+00	6.529928e-02	2.897439e+00	1.371194e+01
2.044998e+00	8.679746e+00	3.223369e-01	1.813473e+00	6.465146e-02	2.911677e+00	1.379189e+01
2.054998e+00	7.554964e+00	3.229873e-01	1.795521e+00	6.401145e-02	2.925915e+00	1.266340e+01
2.064998e+00	7.627921e+00	3.236300e-01	1.777785e+00	6.337913e-02	2.940153e+00	1.273287e+01
2.074998e+00	7.701217e+00	3.242652e-01	1.760261e+00	6.275440e-02	2.954391e+00	1.280289e+01
2.084998e+00	7.774848e+00	3.248930e-01	1.742947e+00	6.213715e-02	2.968630e+00	1.287346e+01
2.094998e+00	7.848823e+00	3.255134e-01	1.725840e+00	6.152727e-02	2.982867e+00	1.294457e+01
2.104998e+00	7.923135e+00	3.261266e-01	1.708937e+00	6.092466e-02	2.997106e+00	1.301623e+01
2.114998e+00	7.997789e+00	3.267327e-01	1.692234e+00	6.032921e-02	3.011344e+00	1.308843e+01
2.124998e+00	8.072780e+00	3.273318e-01	1.675730e+00	5.974083e-02	3.025582e+00	1.316116e+01
2.134998e+00	8.148109e+00	3.279240e-01	1.659421e+00	5.915940e-02	3.039820e+00	1.323443e+01
2.144998e+00	8.223774e+00	3.285093e-01	1.643305e+00	5.858484e-02	3.054058e+00	1.330823e+01
2.154998e+00	8.299780e+00	3.290880e-01	1.627378e+00	5.801705e-02	3.068296e+00	1.338256e+01
2.164998e+00	8.376123e+00	3.296600e-01	1.611639e+00	5.745593e-02	3.082534e+00	1.345741e+01
2.174998e+00	8.452806e+00	3.302255e-01	1.596084e+00	5.690139e-02	3.096772e+00	1.353279e+01
2.184998e+00	8.529825e+00	3.307846e-01	1.580711e+00	5.635333e-02	3.111010e+00	1.360868e+01
2.194998e+00	8.607183e+00	3.313373e-01	1.565517e+00	5.581167e-02	3.125248e+00	1.368510e+01
2.204998e+00	8.684875e+00	3.318838e-01	1.550501e+00	5.527632e-02	3.139486e+00	1.376202e+01
2.214998e+00	8.762906e+00	3.324240e-01	1.535658e+00	5.474718e-02	3.153724e+00	1.383946e+01
2.224998e+00	8.841274e+00	3.329583e-01	1.520988e+00	5.422417e-02	3.167962e+00	1.391741e+01
2.234998e+00	8.919975e+00	3.334865e-01	1.506487e+00	5.370721e-02	3.182200e+00	1.399586e+01
2.244998e+00	8.999017e+00	3.340088e-01	1.492154e+00	5.319621e-02	3.196438e+00	1.407481e+01
2.254998e+00	9.078391e+00	3.345253e-01	1.477985e+00	5.269109e-02	3.210676e+00	1.415427e+01
2.264998e+00	9.158104e+00	3.350360e-01	1.463979e+00	5.219177e-02	3.224914e+00	1.423422e+01
2.274998e+00	9.238149e+00	3.355411e-01	1.450134e+00	5.169817e-02	3.239152e+00	1.431467e+01
2.284998e+00	9.318534e+00	3.360405e-01	1.436446e+00	5.121021e-02	3.253390e+00	1.439562e+01
2.294998e+00	9.399249e+00	3.365345e-01	1.422915e+00	5.072780e-02	3.267628e+00	1.447705e+01
2.304998e+00	9.480303e+00	3.370230e-01	1.409538e+00	5.025090e-02	3.281866e+00	1.455898e+01
2.314998e+00	9.561688e+00	3.375062e-01	1.396312e+00	4.977939e-02	3.296104e+00	1.464139e+01
2.324998e+00	9.643411e+00	3.379841e-01	1.383236e+00	4.931322e-02	3.310342e+00	1.472429e+01
2.334998e+00	9.725471e+00	3.384567e-01	1.370308e+00	4.885233e-02	3.324580e+00	1.480767e+01
2.344998e+00	9.807860e+00	3.389242e-01	1.357525e+00	4.839662e-02	3.338818e+00	1.489153e+01
2.354998e+00	9.890586e+00	3.393867e-01	1.344887e+00	4.794604e-02	3.353056e+00	1.497586e+01
2.364998e+00	9.973643e+00	3.398441e-01	1.332389e+00	4.750051e-02	3.367294e+00	1.506067e+01
2.374998e+00	5.903446e+00	3.402966e-01	1.320032e+00	4.705998e-02	3.381532e+00	1.099237e+01
2.384998e+00	5.952537e+00	3.407443e-01	1.307813e+00	4.662436e-02	3.395770e+00	1.104349e+01
2.394998e+00	6.001822e+00	3.411871e-01	1.295730e+00	4.619358e-02	3.410008e+00	1.109494e+01
2.404998e+00	6.051301e+00	3.416252e-01	1.283781e+00	4.576761e-02	3.424246e+00	1.114672e+01
2.414998e+00	6.100976e+00	3.420586e-01	1.271965e+00	4.534634e-02	3.438485e+00	1.119883e+01
2.424998e+00	6.150842e+00	3.424874e-01	1.260280e+00	4.492976e-02	3.452723e+00	1.125126e+01
2.434998e+00	6.200902e+00	3.429117e-01	1.248723e+00	4.451776e-02	3.466960e+00	1.130402e+01
2.444998e+00	6.251157e+00	3.433315e-01	1.237294e+00	4.411031e-02	3.481199e+00	1.135709e+01
2.454998e+00	6.301605e+00	3.437468e-01	1.225991e+00	4.370733e-02	3.495436e+00	1.141049e+01
2.464998e+00	6.352247e+00	3.441578e-01	1.214811e+00	4.330877e-02	3.509675e+00	1.146420e+01
2.474998e+00	6.403081e+00	3.445645e-01	1.203754e+00	4.291457e-02	3.523912e+00	1.151823e+01
2.484998e+00	6.454108e+00	3.449669e-01	1.192817e+00	4.252468e-02	3.538151e+00	1.157257e+01
2.494998e+00	6.505328e+00	3.453651e-01	1.182000e+00	4.213904e-02	3.552389e+00	1.162722e+01
2.504998e+00	6.556741e+00	3.457592e-01	1.171300e+00	4.175758e-02	3.566627e+00	1.168218e+01
2.514998e+00	6.608346e+00	3.461491e-01	1.160717e+00	4.138028e-02	3.580864e+00	1.173746e+01
2.524998e+00	6.660146e+00	3.465351e-01	1.150247e+00	4.100703e-02	3.595103e+00	1.179304e+01
2.534998e+00	6.712135e+00	3.469171e-01	1.139891e+00	4.063784e-02	3.609341e+00	1.184892e+01
2.544998e+00	6.764318e+00	3.472951e-01	1.129647e+00	4.027262e-02	3.623579e+00	1.190511e+01
2.554998e+00	6.816693e+00	3.476693e-01	1.119513e+00	3.991132e-02	3.637817e+00	1.196160e+01
2.564998e+00	6.869258e+00	3.480396e-01	1.109487e+00	3.955391e-02	3.652055e+00	1.201839e+01
2.574998e+00	6.922017e+00	3.484062e-01	1.099569e+00	3.920032e-02	3.666293e+00	1.207549e+01
2.584998e+00	6.974966e+00	3.487690e-01	1.089757e+00	3.885050e-02	3.680531e+00	1.213287e+01
2.594998e+00	7.028107e+00	3.491282e-01	1.080049e+00	3.850442e-02	3.694769e+00	1.219056e+01
2.604998e+00	7.081439e+00	3.494837e-01	1.070445e+00	3.816202e-02	3.709007e+00	1.224854e+01
2.614998e+00	7.134963e+00	3.498357e-01	1.060942e+00	3.782326e-02	3.723245e+00	1.230681e+01
2.624998e+00	7.188677e+00	3.501841e-01	1.051540e+00	3.748808e-02	3.737483e+00	1.236537e+01
2.634998e+00	7.242580e+00	3.505290e-01	1.042238e+00	3.715645e-02	3.751721e+00	1.242422e+01
2.644998e+00	7.296678e+00	3.508704e-01	1.033034e+00	3.682832e-02	3.765959e+00	1.248337e+01
2.654998e+00	7.350962e+00	3.512085e-01	1.023927e+00	3.650365e-02	3.780197e+00	1.254280e+01
2.664998e+00	7.405439e+00	3.515432e-01	1.014916e+00	3.618238e-02	3.794435e+00	1.260251e+01
2.674998e+00	7.460106e+00	3.518745e-01	1.005999e+00	3.586449e-02	3.808673e+00	1.266252e+01
2.684998e+00	7.514962e+00	3.522027e-01	9.971752e-01	3.554992e-02	3.822911e+00	1.272280e+01
2.694998e+00	7.570009e+00	3.525275e-01	9.884438e-01	3.523863e-02	3.837149e+00	1.278337e+01
2.704998e+00	7.625245e+00	3.528492e-01	9.798033e-01	3.493060e-02	3.851387e+00	1.284421e+01
2.714998e+00	7.680671e+00	3.531677e-01	9.712528e-01	3.462577e-02	3.865625e+00	1.290534e+01
2.724998e+00	7.736285e+00	3.534831e-01	9.627913e-01	3.432411e-02	3.879863e+00	1.296675e+01
2.734998e+00	7.792092e+00	3.537954e-01	9.544168e-01	3.402555e-02	3.894102e+00	1.302843e+01
2.744998e+00	7.848083e+00	3.541047e-01	9.461296e-01	3.373011e-02	3.908339e+00	1.309039e+01
2.754998e+00	7.904266e+00	3.544110e-01	9.379277e-01	3.343771e-02	3.922577e+00	1.315262e+01
2.764998e+00	7.960639e+00	3.547143e-01	9.298102e-01	3.314831e-02	3.936815e+00	1.321513e+01
2.774998e+00	8.017199e+00	3.550147e-01	9.217764e-01	3.286190e-02	3.951053e+00	1.327791e+01
2.784998e+00	8.073946e+00	3.553122e-01	9.138249e-01	3.257843e-02	3.965291e+00	1.334095e+01
2.794998e+00	8.130883e+00	3.556069e-01	9.059549e-01	3.229786e-02	3.979529e+00	1.340427e+01
2.804998e+00	8.188009e+00	3.558987e-01	8.981654e-01	3.202016e-02	3.993767e+00	1.346786e+01
2.814998e+00	8.245320e+00	3.561878e-01	8.904554e-01	3.174529e-02	4.008006e+00	1.353171e+01
2.824998e+00	8.302822e+00	3.564741e-01	8.828239e-01	3.147322e-02	4.022243e+00	1.359584e+01
2.834998e+00	8.360510e+00	3.567576e-01	8.752702e-01	3.120393e-02	4.036481e+00	1.366022e+01
2.844998e+00	8.418386e+00	3.570386e-01	8.677928e-01	3.093736e-02	4.050719e+00	1.372487e+01
2.854998e+00	8.476451e+00	3.573168e-01	8.603914e-01	3.067349e-02	4.064958e+00	1.378979e+01
2.864998e+00	8.534701e+00	3.575924e-01	8.530649e-01	3.041229e-02	4.079196e+00	1.385497e+01
2.874998e+00	8.593140e+00	3.578655e-01	8.458123e-01	3.015373e-02	4.093434e+00	1.392040e+01
2.884998e+00	8.651765e+00	3.581360e-01	8.386328e-01	2.989778e-02	4.107672e+00	1.398610e+01
2.894998e+00	8.710574e+00	3.584040e-01	8.315255e-01	2.964440e-02	4.121910e+00	1.405206e+01
2.904998e+00	6.658896e+00	3.586694e-01	8.244897e-01	2.939357e-02	4.136148e+00	1.200760e+01
2.914998e+00	6.703808e+00	3.589324e-01	8.175243e-01	2.914525e-02	4.150386e+00	1.205980e+01
2.924998e+00	6.748861e+00	3.591930e-01	8.106287e-01	2.889942e-02	4.164624e+00	1.211221e+01
2.934998e+00	6.794055e+00	3.594512e-01	8.038019e-01	2.865604e-02	4.178862e+00	1.216483e+01
2.944998e+00	6.839390e+00	3.597070e-01	7.970431e-01	2.841508e-02	4.193100e+00	1.221766e+01
2.954998e+00	6.884863e+00	3.599604e-01	7.903519e-01	2.817654e-02	4.207338e+00	1.227069e+01
2.964998e+00	6.930481e+00	3.602116e-01	7.837272e-01	2.794036e-02	4.221576e+00	1.232394e+01
2.974998e+00	6.976235e+00	3.604604e-01	7.771681e-01	2.770653e-02	4.235814e+00	1.237738e+01
2.984998e+00	7.022131e+00	3.607069e-01	7.706740e-01	2.747501e-02	4.250052e+00	1.243104e+01
2.994998e+00	7.068166e+00	3.609512e-01	7.642443e-01	2.724578e-02	4.264290e+00	1.248490e+01
3.004997e+00	7.114343e+00	3.611934e-01	7.578779e-01	2.701882e-02	4.278528e+00	1.253896e+01
3.014997e+00	7.160659e+00	3.614333e-01	7.515745e-01	2.679410e-02	4.292766e+00	1.259323e+01
3.024997e+00	7.207115e+00	3.616710e-01	7.453330e-01	2.657159e-02	4.307004e+00	1.264769e+01
3.034997e+00	7.253709e+00	3.619066e-01	7.391530e-01	2.635126e-02	4.321242e+00	1.270236e+01
3.044997e+00	7.300442e+00	3.621401e-01	7.330337e-01	2.613311e-02	4.335480e+00	1.275723e+01
3.054997e+00	7.347321e+00	3.623716e-01	7.269740e-01	2.591708e-02	4.349719e+00	1.281230e+01
3.064997e+00	7.394331e+00	3.626010e-01	7.209740e-01	2.570317e-02	4.363956e+00	1.286757e+01
3.074997e+00	7.441483e+00	3.628283e-01	7.150326e-01	2.549136e-02	4.378194e+00	1.292303e+01
3.084997e+00	7.488774e+00	3.630536e-01	7.091491e-01	2.528161e-02	4.392432e+00	1.297869e+01
3.094997e+00	7.536203e+00	3.632769e-01	7.033229e-01	2.507390e-02	4.406670e+00	1.303455e+01
3.104997e+00	7.583773e+00	3.634982e-01	6.975535e-01	2.486821e-02	4.420908e+00	1.309060e+01
3.114997e+00	7.631479e+00	3.637176e-01	6.918400e-01	2.466453e-02	4.435146e+00	1.314685e+01
3.124997e+00	7.679325e+00	3.639351e-01	6.861820e-01	2.446282e-02	4.449385e+00	1.320329e+01
3.134997e+00	7.727308e+00	3.641506e-01	6.805789e-01	2.426306e-02	4.463622e+00	1.325992e+01
3.144997e+00	7.775430e+00	3.643643e-01	6.750299e-01	2.406524e-02	4.477860e+00	1.331675e+01
3.154997e+00	7.823689e+00	3.645761e-01	6.695347e-01	2.386933e-02	4.492098e+00	1.337377e+01
3.164997e+00	7.872087e+00	3.647861e-01	6.640923e-01	2.367531e-02	4.506337e+00	1.343098e+01
3.174997e+00	7.920624e+00	3.649942e-01	6.587025e-01	2.348315e-02	4.520574e+00	1.348838e+01
3.184997e+00	7.969296e+00	3.652006e-01	6.533645e-01	2.329285e-02	4.534812e+00	1.354597e+01
3.194997e+00	8.018108e+00	3.654052e-01	6.480778e-01	2.310438e-02	4.549050e+00	1.360375e+01
3.204997e+00	8.067057e+00	3.656080e-01	6.428419e-01	2.291772e-02	4.563289e+00	1.366171e+01
3.214997e+00	8.116141e+00	3.658091e-01	6.376563e-01	2.273284e-02	4.577527e+00	1.371987e+01
3.224997e+00	8.165363e+00	3.660084e-01	6.325202e-01	2.254974e-02	4.591764e+00	1.377821e+01
3.234997e+00	8.214723e+00	3.662061e-01	6.274333e-01	2.236839e-02	4.606002e+00	1.383673e+01
3.244997e+00	8.264219e+00	3.664021e-01	6.223950e-01	2.218877e-02	4.620241e+00	1.389544e+01
3.254997e+00	8.313853e+00	3.665964e-01	6.174048e-01	2.201086e-02	4.634479e+00	1.395434e+01
3.264997e+00	8.363625e+00	3.667890e-01	6.124619e-01	2.183465e-02	4.648717e+00	1.401343e+01
3.274997e+00	8.413527e+00	3.669801e-01	6.075664e-01	2.166012e-02	4.662955e+00	1.407269e+01
3.284997e+00	8.463572e+00	3.671695e-01	6.027173e-01	2.148725e-02	4.677193e+00	1.413214e+01
3.294997e+00	8.513749e+00	3.673573e-01	5.979143e-01	2.131602e-02	4.691431e+00	1.419177e+01
3.304997e+00	8.564065e+00	3.675436e-01	5.931569e-01	2.114641e-02	4.705669e+00	1.425158e+01
3.314997e+00	8.614517e+00	3.677283e-01	5.884445e-01	2.097842e-02	4.719907e+00	1.431157e+01
3.324997e+00	8.665102e+00	3.679115e-01	5.837768e-01	2.081201e-02	4.734145e+00	1.437175e+01
3.334997e+00	8.715825e+00	3.680931e-01	5.791532e-01	2.064717e-02	4.748383e+00	1.443210e+01
3.344997e+00	8.766684e+00	3.682733e-01	5.745733e-01	2.048390e-02	4.762621e+00	1.449263e+01
3.354997e+00	8.817675e+00	3.684519e-01	5.700366e-01	2.032216e-02	4.776859e+00	1.455334e+01
3.364997e+00	8.868803e+00	3.686291e-01	5.655429e-01	2.016196e-02	4.791097e+00	1.461423e+01
3.374997e+00	8.920071e+00	3.688048e-01	5.610911e-01	2.000325e-02	4.805335e+00	1.467531e+01
3.384997e+00	8.971468e+00	3.689791e-01	5.566816e-01	1.984605e-02	4.819573e+00	1.473655e+01
3.394997e+00	9.023003e+00	3.691519e-01	5.523134e-01	1.969032e-02	4.833811e+00	1.479797e+01
3.404997e+00	9.074671e+00	3.693233e-01	5.479863e-01	1.953605e-02	4.848049e+00	1.485957e+01
3.414997e+00	9.126474e+00	3.694934e-01	5.436997e-01	1.938323e-02	4.862288e+00	1.492134e+01
3.424997e+00	9.178412e+00	3.696620e-01	5.394534e-01	1.923185e-02	4.876525e+00	1.498328e+01
3.434997e+00	9.230484e+00	3.698293e-01	5.352468e-01	1.908188e-02	4.890763e+00	1.504541e+01
3.444997e+00	9.282690e+00	3.699952e-01	5.310797e-01	1.893332e-02	4.905001e+00	1.510770e+01
3.454997e+00	9.335032e+00	3.701598e-01	5.269516e-01	1.878615e-02	4.919240e+00	1.517017e+01
3.464997e+00	9.387506e+00	3.703231e-01	5.228620e-01	1.864036e-02	4.933477e+00	1.523281e+01
3.474997e+00	9.440113e+00	3.704850e-01	5.188107e-01	1.849593e-02	4.947715e+00	1.529562e+01
3.484997e+00	9.492857e+00	3.706457e-01	5.147971e-01	1.835284e-02	4.961953e+00	1.535861e+01
3.494997e+00	9.545732e+00	3.708051e-01	5.108210e-01	1.821109e-02	4.976192e+00	1.542176e+01
3.504997e+00	9.598742e+00	3.709632e-01	5.068819e-01	1.807066e-02	4.990430e+00	1.548509e+01
3.514997e+00	9.651886e+00	3.711200e-01	5.029795e-01	1.793153e-02	5.004667e+00	1.554858e+01
3.524997e+00	9.705162e+00	3.712756e-01	4.991135e-01	1.779371e-02	5.018906e+00	1.561225e+01
3.534997e+00	9.758570e+00	3.714300e-01	4.952834e-01	1.765716e-02	5.033144e+00	1.567608e+01
3.544997e+00	9.812113e+00	3.715831e-01	4.914890e-01	1.752189e-02	5.047382e+00	1.574009e+01
3.554997e+00	9.865788e+00	3.717351e-01	4.877297e-01	1.738787e-02	5.061620e+00	1.580426e+01
3.564997e+00	9.919596e+00	3.718858e-01	4.840054e-01	1.725510e-02	5.075858e+00	1.586860e+01
3.574997e+00	9.973535e+00	3.720354e-01	4.803158e-01	1.712356e-02	5.090096e+00	1.593310e+01
3.584997e+00	1.002761e+01	3.721838e-01	4.766601e-01	1.699323e-02	5.104334e+00	1.599778e+01
3.594997e+00	1.008181e+01	3.723310e-01	4.730385e-01	1.686412e-02	5.118572e+00	1.606262e+01
3.604997e+00	1.013615e+01	3.724771e-01	4.694505e-01	1.673620e-02	5.132810e+00	1.612762e+01
3.614997e+00	1.019062e+01	3.726221e-01	4.658956e-01	1.660947e-02	5.147048e+00	1.619279e+01
3.624997e+00	1.024522e+01	3.727659e-01	4.623737e-01	1.648391e-02	5.161286e+00	1.625813e+01
3.634997e+00	1.029995e+01	3.729086e-01	4.588844e-01	1.635951e-02	5.175524e+00	1.632363e+01
3.644997e+00	1.035482e+01	3.730502e-01	4.554273e-01	1.623627e-02	5.189762e+00	1.638929e+01
3.654997e+00	1.040981e+01	3.731908e-01	4.520022e-01	1.611416e-02	5.204000e+00	1.645512e+01
3.664997e+00	1.046494e+01	3.733302e-01	4.486088e-01	1.599318e-02	5.218238e+00	1.652111e+01
3.674997e+00	1.052020e+01	3.734686e-01	4.452467e-01	1.587332e-02	5.232476e+00	1.658726e+01
3.684997e+00	1.057559e+01	3.736059e-01	4.419158e-01	1.575457e-02	5.246714e+00	1.665358e+01
3.694997e+00	1.063111e+01	3.737422e-01	4.386154e-01	1.563691e-02	5.260952e+00	1.672006e+01
3.704997e+00	1.068676e+01	3.738775e-01	4.353456e-01	1.552034e-02	5.275190e+00	1.678670e+01
3.714997e+00	1.074254e+01	3.740117e-01	4.321060e-01	1.540485e-02	5.289428e+00	1.685349e+01
3.724997e+00	1.079846e+01	3.741449e-01	4.288963e-01	1.529042e-02	5.303666e+00	1.692046e+01
3.734997e+00	1.085450e+01	3.742771e-01	4.257163e-01	1.517705e-02	5.317904e+00	1.698758e+01
3.744997e+00	1.091068e+01	3.744083e-01	4.225655e-01	1.506472e-02	5.332142e+00	1.705486e+01
3.754997e+00	1.096698e+01	3.745385e-01	4.194438e-01	1.495343e-02	5.346380e+00	1.712230e+01
3.764997e+00	1.102342e+01	3.746678e-01	4.163509e-01	1.484317e-02	5.360618e+00	1.718990e+01
3.774997e+00	1.107998e+01	3.747961e-01	4.132865e-01	1.473392e-02	5.374856e+00	1.725765e+01
3.784997e+00	1.113667e+01	3.749234e-01	4.102504e-01	1.462568e-02	5.389094e+00	1.732557e+01
3.794997e+00	1.119350e+01	3.750498e-01	4.072422e-01	1.451844e-02	5.403333e+00	1.739364e+01
3.804997e+00	1.125045e+01	3.751752e-01	4.042619e-01	1.441219e-02	5.417570e+00	1.746187e+01
3.814997e+00	1.130754e+01	3.752997e-01	4.013089e-01	1.430691e-02	5.431808e+00	1.753026e+01
3.824997e+00	1.136475e+01	3.754233e-01	3.983833e-01	1.420261e-02	5.446046e+00	1.759880e+01
3.834997e+00	1.142209e+01	3.755460e-01	3.954845e-01	1.409927e-02	5.460285e+00	1.766751e+01
3.844997e+00	1.147956e+01	3.756678e-01	3.926126e-01	1.399688e-02	5.474522e+00	1.773636e+01
3.854997e+00	1.153716e+01	3.757886e-01	3.897671e-01	1.389544e-02	5.488760e+00	1.780537e+01
3.864997e+00	1.159489e+01	3.759086e-01	3.869478e-01	1.379493e-02	5.502998e+00	1.787454e+01
3.874997e+00	1.165275e+01	3.760278e-01	3.841546e-01	1.369535e-02	5.517237e+00	1.794386e+01
3.884997e+00	1.171073e+01	3.761460e-01	3.813871e-01	1.359669e-02	5.531475e+00	1.801334e+01
3.894997e+00	1.176885e+01	3.762634e-01	3.786453e-01	1.349894e-02	5.545712e+00	1.808297e+01
3.904997e+00	1.182709e+01	3.763799e-01	3.759286e-01	1.340209e-02	5.559951e+00	1.815275e+01
3.914997e+00	1.188546e+01	3.764956e-01	3.732371e-01	1.330614e-02	5.574189e+00	1.822269e+01
3.924997e+00	1.194396e+01	3.766105e-01	3.705705e-01	1.321107e-02	5.588427e+00	1.829278e+01
3.934997e+00	1.200259e+01	3.767245e-01	3.679284e-01	1.311688e-02	5.602665e+00	1.836302e+01
3.944997e+00	1.206134e+01	3.768377e-01	3.653108e-01	1.302356e-02	5.616902e+00	1.843342e+01
3.954997e+00	1.212022e+01	3.769501e-01	3.627174e-01	1.293110e-02	5.631141e+00	1.850396e+01
3.964997e+00	1.217923e+01	3.770617e-01	3.601480e-01	1.283950e-02	5.645379e+00	1.857466e+01
3.974997e+00	1.223837e+01	3.771725e-01	3.576024e-01	1.274875e-02	5.659617e+00	1.864551e+01
3.984997e+00	1.229764e+01	3.772825e-01	3.550803e-01	1.265883e-02	5.673854e+00	1.871651e+01
3.994997e+00	1.235703e+01	3.773918e-01	3.525816e-01	1.256975e-02	5.688093e+00	1.878766e+01
4.004997e+00	1.241655e+01	3.775002e-01	3.501060e-01	1.248150e-02	5.702331e+00	1.885897e+01
4.014997e+00	1.247620e+01	3.776079e-01	3.476534e-01	1.239406e-02	5.716569e+00	1.893042e+01
4.024997e+00	1.253597e+01	3.777148e-01	3.452235e-01	1.230743e-02	5.730808e+00	1.900203e+01
4.034997e+00	1.259587e+01	3.778210e-01	3.428161e-01	1.222161e-02	5.745047e+00	1.907378e+01
4.044998e+00	1.265590e+01	3.779264e-01	3.404311e-01	1.213658e-02	5.759285e+00	1.914568e+01
4.054998e+00	1.271605e+01	3.780311e-01	3.380683e-01	1.205235e-02	5.773523e+00	1.921773e+01
4.064998e+00	1.277634e+01	3.781350e-01	3.357275e-01	1.196889e-02	5.787761e+00	1.928993e+01
4.074998e+00	1.283674e+01	3.782383e-01	3.334084e-01	1.188622e-02	5.802000e+00	1.936228e+01
4.084999e+00	1.289727e+01	3.783408e-01	3.311110e-01	1.180431e-02	5.816238e+00	1.943477e+01
4.094999e+00	1.295793e+01	3.784426e-01	3.288350e-01	1.172317e-02	5.830477e+00	1.950741e+01
4.104999e+00	0.000000e+00	3.785436e-01	3.265802e-01	1.164279e-02	5.844715e+00	6.561481e+00
4.114999e+00	0.000000e+00	3.786440e-01	3.243464e-01	1.156315e-02	5.858953e+00	6.573507e+00
4.125000e+00	0.000000e+00	3.787437e-01	3.221336e-01	1.148426e-02	5.873192e+00	6.585553e+00
4.135000e+00	0.000000e+00	3.788427e-01	3.199414e-01	1.140611e-02	5.887430e+00	6.597620e+00
4.145000e+00	0.000000e+00	3.789410e-01	3.177698e-01	1.132869e-02	5.901668e+00	6.609708e+00
4.155000e+00	0.000000e+00	3.790387e-01	3.156185e-01	1.125200e-02	5.915907e+00	6.621816e+00
4.165000e+00	0.000000e+00	3.791357e-01	3.134874e-01	1.117602e-02	5.930145e+00	6.633945e+00
4.175001e+00	0.000000e+00	3.792320e-01	3.113763e-01	1.110076e-02	5.944384e+00	6.646092e+00
4.185001e+00	0.000000e+00	3.793276e-01	3.092850e-01	1.102620e-02	5.958622e+00	6.658261e+00
4.195001e+00	0.000000e+00	3.794226e-01	3.072135e-01	1.095235e-02	5.972860e+00	6.670449e+00
4.205001e+00	0.000000e+00	3.795170e-01	3.051614e-01	1.087920e-02	5.987098e+00	6.682656e+00
4.215002e+00	0.000000e+00	3.796107e-01	3.031287e-01	1.080673e-02	6.001337e+00	6.694883e+00
4.225002e+00	0.000000e+00	3.797038e-01	3.011153e-01	1.073495e-02	6.015575e+00	6.707129e+00
4.235002e+00	0.000000e+00	3.797963e-01	2.991208e-01	1.066384e-02	6.029814e+00	6.719395e+00
4.245002e+00	0.000000e+00	3.798881e-01	2.971452e-01	1.059341e-02	6.044052e+00	6.731679e+00
4.255002e+00	0.000000e+00	3.799793e-01	2.951884e-01	1.052365e-02	6.058290e+00	6.743982e+00
4.265003e+00	0.000000e+00	3.800699e-01	2.932501e-01	1.045455e-02	6.072529e+00	6.756303e+00
4.275003e+00	0.000000e+00	3.801599e-01	2.913303e-01	1.038611e-02	6.086767e+00	6.768643e+00
4.285003e+00	0.000000e+00	3.802493e-01	2.894287e-01	1.031831e-02	6.101006e+00	6.781002e+00
4.295003e+00	0.000000e+00	3.803381e-01	2.875453e-01	1.025117e-02	6.115244e+00	6.793378e+00
4.305004e+00	0.000000e+00	3.804263e-01	2.856798e-01	1.018466e-02	6.129482e+00	6.805773e+00
4.315004e+00	0.000000e+00	3.805140e-01	2.838322e-01	1.011880e-02	6.143721e+00	6.818186e+00
4.325004e+00	0.000000e+00	3.806010e-01	2.820023e-01	1.005356e-02	6.157959e+00	6.830616e+00
4.335004e+00	0.000000e+00	3.806875e-01	2.801899e-01	9.988946e-03	6.172197e+00	6.843064e+00
4.345005e+00	0.000000e+00	3.807734e-01	2.783950e-01	9.924954e-03	6.186436e+00	6.855529e+00
4.355005e+00	0.000000e+00	3.808587e-01	2.766173e-01	9.861578e-03	6.200674e+00	6.868011e+00
4.365005e+00	0.000000e+00	3.809435e-01	2.748567e-01	9.798814e-03	6.214912e+00	6.880511e+00
4.375005e+00	0.000000e+00	3.810277e-01	2.731132e-01	9.736654e-03	6.229151e+00	6.893028e+00
4.385005e+00	0.000000e+00	3.811114e-01	2.713865e-01	9.675097e-03	6.243389e+00	6.905562e+00
4.395006e+00	0.000000e+00	3.811945e-01	2.696765e-01	9.614136e-03	6.257627e+00	6.918113e+00
4.405006e+00	0.000000e+00	3.812771e-01	2.679832e-01	9.553767e-03	6.271866e+00	6.930680e+00
4.415006e+00	0.000000e+00	3.813592e-01	2.663063e-01	9.493984e-03	6.286105e+00	6.943264e+00
4.425006e+00	0.000000e+00	3.814407e-01	2.646457e-01	9.434785e-03	6.300343e+00	6.955864e+00
4.435007e+00	0.000000e+00	3.815217e-01	2.630014e-01	9.376164e-03	6.314581e+00	6.968480e+00
4.445007e+00	0.000000e+00	3.816021e-01	2.613732e-01	9.318116e-03	6.328819e+00	6.981112e+00
4.455007e+00	0.000000e+00	3.816821e-01	2.597609e-01	9.260638e-03	6.343058e+00	6.993761e+00
4.465007e+00	0.000000e+00	3.817615e-01	2.581645e-01	9.203724e-03	6.357296e+00	7.006426e+00
4.475008e+00	0.000000e+00	3.818404e-01	2.565838e-01	9.147370e-03	6.371535e+00	7.019106e+00
4.485008e+00	0.000000e+00	3.819188e-01	2.550186e-01	9.091574e-03	6.385773e+00	7.031802e+00
4.495008e+00	0.000000e+00	3.819968e-01	2.534690e-01	9.036328e-03	6.400011e+00	7.044513e+00
4.505008e+00	0.000000e+00	3.820742e-01	2.519347e-01	8.981630e-03	6.414249e+00	7.057240e+00
